854.41
849.44
811.19
880.02
816.04
755.98
735.11
729.77
705.67
694.78
665.99
663.69
661.77
645.98
640.34
649.86
695.00
655.90
622.77
633.25
639.83
609.99
627.07
604.48
649.88
641.76
599.04
593.38
568.82
584.76
567.60
585.76
574.00
555.38
521.85
489.61
499.27
486.64
441.61
408.09
408.50
411.76
417.13
410.36
421.26
429.95
438.09
420.98
423.90
400.51
388.04
410.83
406.02
424.68
420.28
420.63
425.79
422.64
421.94
430.83
439.67
448.88
461.30
446.65
442.30
434.00
425.92
425.30
413.98
425.68
415.09
448.16
429.01
419.07
421.20
407.34
387.79
380.36
424.23
449.39
442.15
423.43
441.76
449.76
419.62
372.72
371.34
366.28
330.21
418.32
407.00
447.37
475.05
498.32
442.68
447.75
430.63
404.67
402.84
410.00
400.37
375.71
377.42
367.13
330.14
324.20
310.95
274.88
283.71
290.54
297.92
297.00
297.40
297.00
286.15
297.50
299.82
295.30
307.92
283.40
302.61
318.47
313.67
328.60
300.17
300.13
309.20
303.36
299.41
308.93
278.86
273.18
277.97
274.32
241.73
223.93
215.96
201.87
191.95
197.20
192.17
200.36
198.86
200.18
200.79
198.36
196.43
198.18
187.06
194.57
205.01
188.13
189.98
177.13
172.88
176.59
176.31
179.62
167.00
161.16
164.05
163.77
163.38
165.52
163.11
161.60
162.73
159.83
160.67
158.19
161.88
162.26
163.88
156.01
156.52
153.64
152.24
140.26
156.38
160.10
153.82
159.75
145.03
141.13
146.42
137.34
149.27
150.78
149.04
145.97
141.98
130.19
114.60
109.77
109.09
103.25
96.00
90.89
96.31
104.80
100.43
102.87
105.63
107.85
101.00
86.86
85.51
85.53
72.24
86.04
89.01
109.32
112.11
126.85
129.07
121.60
140.70
144.91
149.90
149.10
148.72
133.60
135.80
155.76
159.98
166.76
180.20
179.88
183.48
171.68
160.01
160.80
153.46
154.88
154.26
149.61
149.79
146.94
177.41
156.00
130.11
128.16
116.20
113.38
111.60
112.96
114.44
113.91
109.44
102.10
102.70
103.70
107.58
104.97
95.63
96.27
98.43
93.81
90.31
88.60
86.05
83.67
82.94
86.08
86.19
85.05
83.84
81.12
80.81
78.63
75.80
76.30
71.68
71.94
70.54
69.77
67.91
67.18
66.07
66.61
67.24
66.97
65.99
66.26
65.78
67.27
66.61
70.97
70.44
71.90
70.00
70.43
69.87
69.22
69.99
69.02
67.43
67.11
65.32
63.44
63.49
62.66
62.98
63.00
63.24
65.54
65.63
59.94
50.94
51.12
50.70
51.39
52.39
51.95
51.58
51.39
49.58
48.95
48.91
48.01
47.54
46.29
46.61
48.63
48.94
48.17
48.43
48.51
45.74
44.64
48.25
48.12
49.32
48.70
48.96
48.56
49.04
49.17
49.42
47.11
46.36
45.49
45.92
44.14
45.00
45.12
44.34
43.12
42.82
43.00
42.28
44.43
44.17
45.17
45.37
43.99
43.13
43.92
47.00
45.80
47.00
47.66
46.68
46.15
45.66
46.87
46.77
48.32
48.45
47.15
45.61
45.76
52.98
52.03
51.14
51.64
50.71
50.97
50.48
50.70
49.02
47.72
47.78
46.01
46.07
46.62
46.98
44.91
45.43
44.69
44.57
43.85
43.95
44.73
44.37
43.92
45.29
44.95
45.01
42.98
42.78
41.85
43.42
42.58
40.90
41.19
39.32
38.72
35.79
37.03
37.64
37.97
37.74
38.13
39.10
38.55
41.02
41.07
42.21
45.67
46.39
46.46
45.40
47.90
48.40
48.97
49.41
51.07
51.01
48.82
46.80
47.74
48.29
47.03
49.53
51.73
52.78
52.55
54.65
54.25
54.67
53.28
53.54
53.68
55.21
54.46
54.64
54.99
53.56
58.36
57.18
57.84
55.97
55.72
54.97
53.55
52.08
52.91
54.80
54.72
53.49
53.90
55.09
57.99
57.79
56.67
58.18
56.83
55.32
55.25
55.31
57.07
58.96
63.98
62.95
59.57
59.75
58.94
58.25
60.51
61.13
61.58
60.75
61.63
62.36
62.57
61.16
61.50
63.44
64.27
62.58
62.44
61.40
61.75
59.49
59.28
59.41
58.30
57.52
59.78
60.45
69.46
69.21
68.89
66.88
69.45
68.99
67.71
67.07
66.99
63.54
60.07
62.02
66.56
66.77
63.23
65.22
59.08
63.95
63.08
66.59
67.41
69.68
73.14
75.36
73.32
73.35
73.03
71.59
72.61
71.94
71.70
70.10
68.23
69.57
68.78
69.20
65.17
67.64
69.50
70.69
70.86
69.69
68.80
67.75
66.26
70.10
70.28
69.63
68.21
68.28
69.28
68.86
67.46
65.98
66.97
66.18
62.97
57.70
58.83
52.19
52.00
52.78
54.36
55.32
51.92
51.76
50.45
51.38
52.56
50.11
52.39
56.37
58.96
60.20
62.14
52.95
61.50
61.92
60.20
59.94
59.82
59.67
59.80
56.99
58.97
59.04
57.89
58.11
55.89
57.10
52.65
56.19
56.15
57.79
60.33
60.63
61.00
62.37
63.85
64.56
64.02
64.33
64.38
61.69
61.10
67.09
67.74
69.53
71.28
71.10
70.49
74.07
75.91
68.40
69.63
69.91
60.17
59.63
58.03
59.44
61.33
61.75
59.49
60.64
62.72
64.05
64.77
64.54
62.02
63.77
63.34
63.79
64.49
63.70
61.78
61.83
62.17
67.01
68.59
69.99
68.90
68.40
66.60
66.73
69.50
72.44
70.51
74.17
71.63
71.54
68.96
68.55
66.42
63.53
63.22
63.90
58.23
59.35
58.36
56.95
58.34
56.75
55.77
55.57
55.81
55.00
56.90
55.36
56.91
57.30
56.84
58.39
60.21
61.00
61.37
60.39
60.55
58.82
56.89
60.23
59.98
58.78
58.81
57.10
56.14
56.69
56.67
58.05
60.02
58.67
57.54
58.24
60.07
58.82
60.19
60.94
57.93
59.86
61.14
57.39
53.51
50.50
53.23
51.56
55.84
60.84
60.31
61.82
63.31
62.11
62.71
64.27
65.12
65.33
68.37
69.10
65.43
65.82
66.46
65.64
66.67
67.02
66.19
68.61
70.20
71.48
70.41
69.23
66.66
66.95
67.10
66.81
64.46
64.73
63.15
62.08
63.05
69.00
66.79
66.63
68.75
69.85
70.86
69.16
69.91
68.57
67.53
69.18
70.56
70.31
70.00
68.91
69.43
68.01
67.24
67.59
66.96
66.74
67.28
63.32
62.92
63.45
64.11
